3125,14225,0,528,122,1,[524, 528]
3175,13775,0,538,128,1,[532, 538]
3175,13775,0,571,141,1,[532, 538, 571]
3175,13525,0,533,123,1,[540, 533]
3175,14375,0,527,129,1,[527, 527]
3125,14425,0,535,117,1,[536, 535]
3175,13875,0,527,120,1,[531, 527]
3125,13925,0,582,159,1,[563, 582]
3125,13325,0,559,144,1,[535, 559]
3225,13825,0,539,147,1,[529, 539]
3125,12775,0,713,214,1,[681, 713]
3175,13125,0,573,159,1,[533, 573]
3175,14075,0,533,127,1,[542, 533]
3175,14075,0,529,123,1,[542, 533, 529]
3125,14075,0,514,123,1,[538, 514]
3125,13875,0,537,123,1,[540, 537]
3075,12725,0,706,213,1,[756, 706]
