15,5,5,11726,5721,1,[11726]
385,95,5,18266,11374,1,[18266]
385,95,5,6884,3585,1,[18266; 6884]
385,95,5,6427,3338,1,[18266; 6884; 6427]
385,95,5,11930,7178,1,[18266; 6884; 6427; 11930]
555,135,5,22946,10088,1,[22946]
575,145,5,25340,8573,1,[25340]
575,145,5,26292,6718,1,[25340; 26292]
575,145,5,16926,5297,1,[25340; 26292; 16926]
575,145,5,23358,6850,1,[25340; 26292; 16926; 23358]
625,155,5,28790,9640,1,[28790]
725,175,5,34543,12274,1,[34543]
725,185,5,36255,11218,1,[36255]
725,185,5,41481,11320,1,[36255; 41481]
705,175,5,50899,18530,1,[50899]
745,185,5,42367,9281,1,[42367]
745,185,5,40644,9426,1,[42367; 40644]
725,175,5,45075,10399,1,[34543; 45075]
715,175,5,41439,10570,1,[41439]
725,175,5,40093,14361,1,[34543; 45075; 40093]
715,185,5,38362,15292,1,[38362]
725,185,5,43873,13381,1,[36255; 41481; 43873]
745,185,5,53958,10718,1,[42367; 40644; 53958]
735,185,5,41437,10984,1,[41437]
715,175,5,34551,10716,1,[41439; 34551]
725,175,5,39289,11561,1,[34543; 45075; 40093; 39289]
785,195,5,46261,17568,1,[46261]
795,195,5,63969,21427,1,[63969]
785,195,5,57525,18047,1,[46261; 57525]
835,205,5,58084,14659,1,[58084]
825,205,5,60769,14311,1,[60769]
795,205,5,59837,15296,1,[59837]
855,215,5,81395,26531,-1,[81395]
855,215,5,179541,54200,-1,[81395; 179541]
805,195,5,205735,47817,-1,[205735]
895,225,5,92214,28302,-1,[92214]
885,225,5,106406,18213,-1,[106406]
855,215,5,113707,27660,-1,[81395; 179541; 113707]
885,215,5,110746,33256,-1,[110746]
835,205,5,177003,44425,-1,[58084; 177003]
815,205,5,180342,41144,-1,[180342]
835,205,5,105642,28871,-1,[58084; 177003; 105642]
895,225,5,65653,21613,-1,[92214; 65653]
845,215,5,76354,23480,-1,[76354]
875,215,5,115480,30028,-1,[115480]
855,205,5,113947,31474,-1,[113947]
785,195,5,176735,49847,-1,[46261; 57525; 176735]
855,215,5,98804,25995,-1,[81395; 179541; 113707; 98804]
845,215,5,58329,20550,-1,[76354; 58329]
845,215,5,80819,16557,-1,[76354; 58329; 80819]
775,195,5,52727,14474,1,[52727]
485,195,5,15572,5799,1,[15572]
485,215,5,16844,6447,1,[16844]
465,255,5,19927,7744,1,[19927]
355,365,5,23021,6114,1,[23021]
365,355,5,26618,9308,1,[26618]
365,355,5,25906,7764,1,[26618; 25906]
355,365,5,27327,9094,1,[23021; 27327]
365,355,5,20955,7134,1,[26618; 25906; 20955]
365,355,5,23766,8130,1,[26618; 25906; 20955; 23766]
365,355,5,34232,11940,1,[26618; 25906; 20955; 23766; 34232]
415,405,5,89931,19499,-1,[89931]
445,445,5,54555,11656,1,[54555]
455,455,5,66483,16707,1,[66483]
455,445,5,55459,13721,1,[55459]
455,455,5,52198,10226,1,[66483; 52198]
455,465,5,69788,14339,1,[69788]
495,495,5,79262,14028,-1,[79262]
505,505,5,81287,17303,-1,[81287]
505,505,5,89960,19416,-1,[81287; 89960]
495,495,5,88300,16329,-1,[79262; 88300]
495,495,5,123273,32318,-1,[79262; 88300; 123273]
495,505,5,69691,14659,1,[69691]
505,505,5,88312,17985,-1,[81287; 89960; 88312]
525,525,5,141681,28769,-1,[141681]
535,535,5,109138,19883,-1,[109138]
535,535,5,132715,28568,-1,[109138; 132715]
535,545,5,90864,20356,-1,[90864]
545,545,5,78789,23250,-1,[78789]
535,535,5,199061,46174,-1,[109138; 132715; 199061]
565,565,5,75986,20792,-1,[75986]
545,545,5,180246,33929,-1,[78789; 180246]
555,555,5,113731,27050,-1,[113731]
545,545,5,171387,35134,-1,[78789; 180246; 171387]
545,545,5,263369,55997,-1,[78789; 180246; 171387; 263369]
555,555,5,78465,19764,-1,[113731; 78465]
525,515,5,263308,56581,-1,[263308]
525,525,5,136022,20654,-1,[141681; 136022]
525,525,5,199247,43720,-1,[141681; 136022; 199247]
465,475,5,112036,23308,-1,[112036]
295,435,5,25623,6361,1,[25623]
195,415,5,16348,5738,1,[16348]
95,385,5,10528,4151,1,[10528]
95,385,5,6904,3510,1,[10528; 6904]
135,545,5,19581,6630,1,[19581]
145,575,5,24401,7775,1,[24401]
145,575,5,20409,6837,1,[24401; 20409]
175,715,5,44061,15108,1,[44061]
195,765,5,67511,17967,1,[67511]
195,765,5,116188,35688,-1,[67511; 116188]
195,765,5,82599,16281,-1,[67511; 116188; 82599]
195,765,5,121286,34256,-1,[67511; 116188; 82599; 121286]
195,765,5,102776,18089,-1,[67511; 116188; 82599; 121286; 102776]
195,765,5,92789,25721,-1,[67511; 116188; 82599; 121286; 102776; 92789]
215,875,5,93763,22165,-1,[93763]
225,875,5,124835,48975,-1,[124835]
225,895,5,86207,18354,-1,[86207]
225,885,5,101289,29735,-1,[101289]
215,875,5,186674,55896,-1,[93763; 186674]
225,875,5,163844,57363,-1,[124835; 163844]
225,885,5,123935,28611,-1,[101289; 123935]
225,875,5,161713,29729,-1,[124835; 163844; 161713]
225,885,5,122733,19557,-1,[101289; 123935; 122733]
235,945,5,112498,23019,-1,[112498]
245,975,5,97980,22334,-1,[97980]
245,985,5,80459,22283,-1,[80459]
245,975,5,64067,21452,-1,[97980; 64067]
245,975,5,61131,23234,-1,[97980; 64067; 61131]
235,955,5,79400,28690,-1,[79400]
245,955,5,250734,83792,-1,[250734]
235,955,5,199196,39922,-1,[79400; 199196]
235,955,5,98972,32955,-1,[79400; 199196; 98972]
235,945,5,115568,31335,-1,[112498; 115568]
245,965,5,157526,69604,-1,[157526]
245,975,5,108874,35717,-1,[97980; 64067; 61131; 108874]
65,65,5,12635,5789,1,[12635]
95,25,5,5238,2937,1,[5238]
195,45,5,4650,3124,1,[4650]
195,45,5,4044,2521,1,[4650; 4044]
305,75,5,7632,4881,1,[7632]
385,95,5,8167,4026,1,[8167]
385,95,5,8520,5346,1,[8167; 8520]
385,95,5,5857,3502,1,[8167; 8520; 5857]
385,95,5,5699,3169,1,[8167; 8520; 5857; 5699]
535,135,5,20816,7496,1,[20816]
715,185,5,28433,9693,1,[28433]
725,185,5,29383,13735,1,[29383]
735,185,5,34719,9994,1,[34719]
715,175,5,34843,14624,1,[34843]
705,175,5,37430,11854,1,[37430]
725,175,5,47476,14332,1,[47476]
745,185,5,38496,9434,1,[38496]
735,185,5,37915,9781,1,[34719; 37915]
785,195,5,40053,13915,1,[40053]
825,205,5,43763,13408,1,[43763]
795,195,5,54793,17102,1,[54793]
775,195,5,46461,16642,1,[46461]
795,195,5,84405,19344,-1,[54793; 84405]
805,205,5,48333,14622,1,[48333]
885,225,5,80145,23252,-1,[80145]
845,215,5,144051,49544,-1,[144051]
815,205,5,140164,37913,-1,[140164]
815,205,5,111114,32118,-1,[140164; 111114]
815,205,5,92454,30984,-1,[140164; 111114; 92454]
945,235,5,87343,20487,-1,[87343]
965,245,5,102199,30264,-1,[102199]
895,225,5,100388,22888,-1,[100388]
845,205,5,118421,32199,-1,[118421]
815,205,5,126131,35743,-1,[140164; 111114; 92454; 126131]
835,205,5,120353,34359,-1,[120353]
825,205,5,72962,11857,-1,[43763; 72962]
755,185,5,41776,8718,1,[41776]
745,185,5,38108,10367,1,[38496; 38108]
695,175,5,58714,13344,1,[58714]
475,175,5,27264,9506,1,[27264]
125,115,5,3253,1738,1,[3253]
115,125,5,2856,1750,1,[2856]
115,125,5,2889,1910,1,[2856; 2889]
125,115,5,2800,1848,1,[3253; 2800]
115,125,5,2844,1821,1,[2856; 2889; 2844]
295,295,5,15906,5728,1,[15906]
355,365,5,20066,7590,1,[20066]
355,365,5,24821,10043,1,[20066; 24821]
365,355,5,24296,6997,1,[24296]
365,355,5,20302,7066,1,[24296; 20302]
375,385,5,25505,9390,1,[25505]
465,455,5,51340,15278,1,[51340]
445,445,5,69569,19880,1,[69569]
445,445,5,37340,11402,1,[69569; 37340]
475,465,5,51831,13417,1,[51831]
495,495,5,53241,14907,1,[53241]
505,515,5,48075,14135,1,[48075]
505,505,5,100260,26184,-1,[100260]
505,495,5,46035,13751,1,[46035]
505,505,5,53197,15078,-1,[100260; 53197]
505,495,5,71921,14379,-1,[46035; 71921]
495,495,5,52489,17602,1,[53241; 52489]
535,535,5,112338,47972,-1,[112338]
545,535,5,145224,36682,-1,[145224]
545,545,5,50392,18105,1,[50392]
565,565,5,68986,18341,1,[68986]
575,565,5,73931,23465,-1,[73931]
565,565,5,78517,23505,-1,[68986; 78517]
575,585,5,97995,30818,-1,[97995]
545,555,5,219191,53175,-1,[219191]
535,545,5,156745,33788,-1,[156745]
565,555,5,248163,32973,-1,[248163]
575,575,5,75050,20942,-1,[75050]
555,545,5,80570,29816,-1,[80570]
505,515,5,84650,24319,-1,[48075; 84650]
465,465,5,69092,12049,1,[69092]
155,275,5,18380,7803,1,[18380]
55,185,5,3390,2300,1,[3390]
75,295,5,8664,3888,1,[8664]
145,575,5,19193,5925,1,[19193]
145,575,5,18925,8071,1,[19193; 18925]
145,575,5,13688,5753,1,[19193; 18925; 13688]
145,575,5,19206,6871,1,[19193; 18925; 13688; 19206]
185,755,5,53263,17260,1,[53263]
195,765,5,66841,15478,1,[66841]
185,775,5,85147,19756,-1,[85147]
205,805,5,102773,26655,-1,[102773]
225,885,5,87261,20612,-1,[87261]
225,885,5,74689,17962,-1,[87261; 74689]
225,895,5,86224,25150,-1,[86224]
215,865,5,110837,43775,-1,[110837]
235,915,5,78917,18770,-1,[78917]
235,935,5,114972,38660,-1,[114972]
235,945,5,82261,19430,-1,[82261]
235,935,5,130662,33623,-1,[114972; 130662]
245,975,5,69740,21022,1,[69740]
245,1005,5,118958,35563,-1,[118958]
255,1005,5,138365,35431,-1,[138365]
255,995,5,119444,23800,-1,[119444]
245,965,5,159946,46621,-1,[159946]
245,995,5,107064,37498,-1,[107064]
245,975,5,221682,82815,-1,[69740; 221682]
65,15,5,9776,6687,1,[9776]
195,45,5,9418,6926,1,[9418]
195,45,5,3363,2168,1,[9418; 3363]
195,45,5,3307,1915,1,[9418; 3363; 3307]
195,45,5,3147,2112,1,[9418; 3363; 3307; 3147]
525,135,5,13741,5067,1,[13741]
575,145,5,13686,6610,1,[13686]
575,145,5,20481,6894,1,[13686; 20481]
575,145,5,17777,7472,1,[13686; 20481; 17777]
575,145,5,17966,7202,1,[13686; 20481; 17777; 17966]
715,185,5,27667,10215,1,[27667]
705,175,5,35688,13187,1,[35688]
715,185,5,44082,15615,1,[27667; 44082]
785,195,5,50456,15310,1,[50456]
805,205,5,72134,17680,-1,[72134]
835,205,5,39436,13499,1,[39436]
805,205,5,51870,13462,-1,[72134; 51870]
785,195,5,48066,16352,1,[50456; 48066]
825,205,5,65499,24861,1,[65499]
815,205,5,61854,23439,1,[61854]
905,225,5,60380,16254,1,[60380]
905,225,5,55754,18434,1,[60380; 55754]
865,215,5,84993,26958,-1,[84993]
845,215,5,157826,41844,-1,[157826]
835,205,5,166912,35367,-1,[39436; 166912]
845,215,5,182496,44046,-1,[157826; 182496]
975,245,5,79715,22413,-1,[79715]
915,225,5,76299,20366,-1,[76299]
845,215,5,156379,44068,-1,[157826; 182496; 156379]
865,215,5,80725,23695,-1,[84993; 80725]
755,195,5,90906,25062,-1,[90906]
495,215,5,13322,5610,1,[13322]
505,215,5,16238,5482,1,[16238]
125,115,5,3140,1886,1,[3140]
125,115,5,3147,1771,1,[3140; 3147]
115,125,5,3229,1826,1,[3229]
175,175,5,15875,4863,1,[15875]
355,365,5,18726,7058,1,[18726]
355,365,5,21208,7333,1,[18726; 21208]
355,365,5,20446,5960,1,[18726; 21208; 20446]
365,365,5,24124,7014,1,[24124]
455,455,5,52120,19544,1,[52120]
445,445,5,51353,15706,1,[51353]
455,455,5,42765,11289,1,[52120; 42765]
455,455,5,49293,12431,1,[52120; 42765; 49293]
455,455,5,51863,10525,1,[52120; 42765; 49293; 51863]
455,455,5,56242,17079,1,[52120; 42765; 49293; 51863; 56242]
505,505,5,67802,17074,1,[67802]
505,495,5,107786,28311,-1,[107786]
505,505,5,68582,16113,1,[67802; 68582]
515,515,5,105429,24230,-1,[105429]
545,545,5,56293,16760,1,[56293]
525,525,5,127378,36233,-1,[127378]
545,545,5,87825,23813,-1,[56293; 87825]
555,555,5,105229,27498,-1,[105229]
575,575,5,82154,24414,-1,[82154]
555,565,5,77303,23600,-1,[77303]
565,555,5,177095,54836,-1,[177095]
545,545,5,149545,38340,-1,[56293; 87825; 149545]
565,565,5,87159,31202,-1,[87159]
555,555,5,72103,21238,-1,[105229; 72103]
495,495,5,65333,20725,1,[65333]
365,435,5,158590,34823,-1,[158590]
105,245,5,11867,4336,1,[11867]
45,195,5,3291,1892,1,[3291]
55,215,5,5486,2748,1,[5486]
95,385,5,8207,4195,1,[8207]
95,385,5,10409,4153,1,[8207; 10409]
95,385,5,7452,3442,1,[8207; 10409; 7452]
135,525,5,17442,6458,1,[17442]
145,575,5,23037,7945,1,[23037]
145,575,5,22389,5807,1,[23037; 22389]
145,575,5,19741,6996,1,[23037; 22389; 19741]
165,645,5,28331,10044,1,[28331]
195,765,5,51563,16251,1,[51563]
195,765,5,54891,14540,1,[51563; 54891]
195,755,5,58401,15408,1,[58401]
225,895,5,89854,25666,-1,[89854]
215,865,5,122004,54466,-1,[122004]
215,885,5,115584,28620,-1,[115584]
215,875,5,64637,21424,1,[64637]
235,915,5,112533,36742,-1,[112533]
235,935,5,139206,49634,-1,[139206]
235,935,5,67774,22644,-1,[139206; 67774]
245,955,5,97008,26423,-1,[97008]
245,995,5,111236,36332,-1,[111236]
245,985,5,146952,73317,-1,[146952]
235,955,5,91442,37680,-1,[91442]
245,985,5,93199,22287,-1,[146952; 93199]